1738804657371 0.00033670032280497253 0
1738804659970 0.00033670032280497253 1
1738804662618 0.00033670032280497253 2
1738804665222 0.00033670032280497253 3
1738804667797 0.00033670032280497253 4
1738804670269 0.00033670032280497253 5
1738804672900 0.00033670032280497253 6
1738804675429 0.00033670032280497253 7
1738804678008 0.00033670032280497253 8
1738804680523 0.00033670032280497253 9
1738804683140 0.00033670032280497253 10
1738804685715 0.00033670032280497253 11
1738804688319 0.00033670032280497253 12
1738804690839 0.00033670032280497253 13
1738804693370 0.00033670032280497253 14
