1738804657371 0.0029826215468347073 0
1738804659970 0.0005987007752992213 1
1738804662618 0.00047177242231555283 2
1738804665222 0.0005358069320209324 3
1738804667797 0.00048674066783860326 4
1738804670269 0.0004412406124174595 5
1738804672900 0.0003676725900731981 6
1738804675429 0.00038130657048895955 7
1738804678008 0.00037331634666770697 8
1738804680523 0.00037494488060474396 9
1738804683140 0.00035242512240074575 10
1738804685715 0.0003361048293299973 11
1738804688319 0.0003636850160546601 12
1738804690839 0.00033291621366515756 13
1738804693370 0.0003332112682983279 14
