1738804803877 0.00033670032280497253 0
1738804806578 0.00033670032280497253 1
1738804809250 0.00033670032280497253 2
1738804811855 0.00033670032280497253 3
1738804814626 0.00033670032280497253 4
1738804817309 0.00033670032280497253 5
1738804820035 0.00033670032280497253 6
1738804822548 0.00033670032280497253 7
1738804825075 0.00033670032280497253 8
1738804827712 0.00033670032280497253 9
1738804830222 0.00033670032280497253 10
1738804832764 0.00033670032280497253 11
1738804835285 0.00033670032280497253 12
1738804837906 0.00033670032280497253 13
1738804840517 0.00033670032280497253 14
1738804843017 0.00033670032280497253 15
1738804845606 0.00033670032280497253 16
1738804848230 0.00033670032280497253 17
1738804850956 0.00033670032280497253 18
1738804853608 0.00033670032280497253 19
