1738804803877 0.0034334580413997173 0
1738804806578 0.0006420089630410075 1
1738804809250 0.0005057890666648746 2
1738804811855 0.00045817974023520947 3
1738804814626 0.0005087827448733151 4
1738804817309 0.0005051944754086435 5
1738804820035 0.00038256580592133105 6
1738804822548 0.00037872293614782393 7
1738804825075 0.000379391189198941 8
1738804827712 0.00038333842530846596 9
1738804830222 0.00031737075187265873 10
1738804832764 0.0003662043600343168 11
1738804835285 0.0003145259979646653 12
1738804837906 0.0003025744517799467 13
1738804840517 0.0003158972831442952 14
1738804843017 0.00031852597021497786 15
1738804845606 0.00030363668338395655 16
1738804848230 0.00028889463283121586 17
1738804850956 0.00035015708999708295 18
1738804853608 0.0003470528463367373 19
