1738805026814 0.00033670032280497253 0
1738805029451 0.00033670032280497253 1
1738805032020 0.00033670032280497253 2
1738805034637 0.00033670032280497253 3
1738805037208 0.00033670032280497253 4
1738805039809 0.00033670032280497253 5
1738805042417 0.00033670032280497253 6
1738805044990 0.00033670032280497253 7
1738805047663 0.00033670032280497253 8
1738805050354 0.00033670032280497253 9
1738805052899 0.00033670032280497253 10
1738805055515 0.00033670032280497253 11
1738805058039 0.00033670032280497253 12
1738805060588 0.00033670032280497253 13
1738805063086 0.00033670032280497253 14
1738805065640 0.00033670032280497253 15
