1738805026814 0.0022116040345281363 0
1738805029451 0.0004812063998542726 1
1738805032020 0.0005626764032058418 2
1738805034637 0.0004644000146072358 3
1738805037208 0.0004391224356368184 4
1738805039809 0.00043413409730419517 5
1738805042417 0.00040749559411779046 6
1738805044990 0.0003770230687223375 7
1738805047663 0.00035877435584552586 8
1738805050354 0.0003528837696649134 9
1738805052899 0.00036824296694248915 10
1738805055515 0.0003558134485501796 11
1738805058039 0.0002918606041930616 12
1738805060588 0.0003406507312320173 13
1738805063086 0.0003482919419184327 14
1738805065640 0.0003213885647710413 15
