1738805234159 0.00033670032280497253 0
1738805236800 0.00033670032280497253 1
1738805239459 0.00033670032280497253 2
1738805241977 0.00033670032280497253 3
1738805244649 0.00033670032280497253 4
1738805247347 0.00033670032280497253 5
1738805250000 0.00033670032280497253 6
1738805252801 0.00033670032280497253 7
1738805255424 0.00033670032280497253 8
1738805258089 0.00033670032280497253 9
1738805260757 0.00033670032280497253 10
1738805263347 0.00033670032280497253 11
1738805265986 0.00033670032280497253 12
1738805268827 0.00033670032280497253 13
1738805271767 0.00033670032280497253 14
