1738805234159 0.003097355365753174 0
1738805236800 0.0002789492136798799 1
1738805239459 0.00028366874903440475 2
1738805241977 0.0002417483483441174 3
1738805244649 0.00027225460507906973 4
1738805247347 0.00024547672364860773 5
1738805250000 0.00026737016742117703 6
1738805252801 0.00022881667246110737 7
1738805255424 0.00021083459432702512 8
1738805258089 0.00021531415404751897 9
1738805260757 0.0002312826836714521 10
1738805263347 0.00019880467152688652 11
1738805265986 0.0001840091572375968 12
1738805268827 0.00018128265219274908 13
1738805271767 0.00020624074386432767 14
